2.38419e-07
0.00195718
0.0398464
0.079802
0.119801
0.1398
0.179757
0.219791
0.259793
0.299756
0.319791
0.359759
0.399843
0.439826
0.479788
0.499789
0.539753
0.579806
0.619824
0.679783
0.719817
0.75979
0.799806
0.839752
0.859751
0.901749
0.93975
0.981794
1.02177
1.04176
1.20193
1.2218
1.26175
1.30187
1.34196
1.38179
1.4019
1.44187
1.48178
1.52186
1.56184
1.58178
1.62184
1.66178
1.70188
1.74193
1.76181
1.80185
1.84185
1.88175
1.92179
1.96178
1.98179
2.02182
2.06178
2.10169
2.1417
2.16166
2.20169
2.24175
2.32171
2.34169
2.38169
2.4217
2.46166
2.50164
2.52167
2.56174
2.60164
2.64167
2.68164
2.70163
2.74164
3.22164
3.38164
3.40172
3.44171
3.46164
3.50164
3.54164
3.58164
3.6016
3.64161
3.68163
3.72158
3.76162
3.78158
3.82161
3.86162
3.90161
3.94162
3.96161
4.00161
4.04161
4.08157
4.12157
4.1416
4.18163
4.22158
4.26158
4.32359
4.36162
4.40158
4.44155
4.50359
4.54154
4.58359
4.82351
4.84351
4.88351
4.90351
4.94351
4.98351
5.02352
5.06351
5.08351
5.12351
5.16351
5.20351
5.24351
5.26351
5.30351
5.34351
5.38348
5.42348
5.44348
5.48348
5.52353
5.56352
5.60348
5.62348
5.66348
5.70348
5.74351
5.78351
5.80351
5.84348
5.88348
5.92352
5.9835
6.0235
6.06359
6.10345
6.14345
6.16345
6.20345
6.24345
6.28345
6.32345
6.34345
6.38348
7.00342
7.04342
7.06346
7.1034
7.14339
7.18339
7.22339
7.26339
7.28339
7.32339
7.36342
7.40342
7.44342
7.46343
7.50343
7.54342
7.58342
7.62343
7.64343
7.6834
7.7234
7.76336
7.80341
7.8234
7.86343
7.9034
7.94339
7.98344
8.0034
8.0434
8.0834
8.14341
8.1654
8.18536
8.34538
8.42534
8.44534
8.48537
8.54537
8.58538
8.62537
8.66537
8.70537
8.72537
8.76538
8.8054
8.84534
8.88535
8.90531
8.94532
8.98531
9.02534
9.06531
9.08535
9.12531
9.16531
9.20531
9.24531
9.26535
9.3053
9.34535
9.38535
9.42527
9.44527
9.48527
9.52527
9.56533
9.62527
9.64527
9.66527
9.70527
9.74527
9.80527
9.84527
9.88527
9.92532
9.96533
10.1853
10.3253
10.4253
10.6053
10.6653
10.6853
10.7253
10.7453
10.7853
10.8253
10.8653
10.9053
10.9253
10.9653
11.0053
11.0453
11.0853
11.1053
11.1452
11.1853
11.2253
11.2652
11.2852
11.3252
11.3653
11.4052
11.4452
11.4653
11.5052
11.5452
11.5852
11.6252
11.6452
11.6852
11.7252
11.7672
11.8072
11.9872
12.0272
12.0472
12.0871
12.1272
12.1672
12.1871
12.2271
12.2671
12.3071
12.3471
12.3871
12.4072
12.4471
12.4871
12.5271
12.5672
12.5872
12.6272
12.6671
12.7071
12.7471
12.7671
12.8071
12.8471
12.8871
12.9271
12.9472
12.9871
13.0271
13.0671
13.1071
13.1271
13.1671
13.2071
13.2471
13.2871
13.3072
13.3472
13.3871
13.4271
13.4671
13.4871
13.5271
13.5671
14.1671
14.2071
14.247
14.2871
14.3271
14.3671
14.3871
14.4271
14.4671
14.5071
14.5471
14.567
14.6071
14.647
14.6871
14.727
14.747
14.787
14.827
14.867
14.907
14.947
14.9671
15.007
15.047
15.109
15.147
15.1871
15.2271
15.267
15.309
15.327
15.369
15.449
15.4891
15.609
15.6291
15.6691
15.689
15.729
15.769
15.809
15.8489
15.8689
15.909
15.949
15.989
16.029
16.049
16.089
16.129
16.169
16.209
16.2291
16.269
16.3489
16.3889
16.4089
16.4489
16.4889
16.5289
16.5689
16.5889
16.6289
16.6689
16.709
16.7489
16.7689
16.8089
16.8489
16.8889
16.9289
16.9489
16.9889
17.0289
17.0689
17.1089
17.1489
17.1689
17.2089
17.2889
17.629
17.669
17.8089
17.8489
17.8689
17.8889
17.9289
17.9688
18.0089
18.0488
18.0689
18.1089
18.1489
18.1889
18.2289
18.2489
18.2889
18.3289
18.3689
18.4089
18.4289
18.4689
18.5089
18.5489
18.5889
18.6089
18.6489
18.6889
18.7289
18.7689
18.7889
18.8289
18.8689
18.911
18.9508
18.9708
19.1308
19.2108
19.2308
19.2708
19.3108
19.3308
19.3708
19.4108
19.4508
19.4908
19.5108
19.5508
19.5908
19.6308
19.6708
19.6908
19.7308
19.7708
19.8108
19.8508
19.8708
19.9108
19.9508
19.9908
20.0308
20.0508
20.0907
20.1307
20.1707
20.2107
20.2507
20.2708
20.3107
20.3508
20.3907
20.4507
20.4907
20.5308
20.5707
20.6107
20.6307
20.6707
20.7107
20.7507
20.7907
21.1307
21.4107
21.4307
21.4707
21.5107
21.5307
21.5707
21.6107
21.6507
21.6907
21.7107
21.7507
21.7906
21.8306
21.8706
21.8906
21.9306
21.9706
22.0106
22.0706
22.1106
22.1507
22.1906
22.2306
22.2507
22.2906
22.3306
22.3706
22.4106
22.4306
22.4706
22.5126
22.5527
22.5926
22.7726
22.8326
22.8726
22.9126
22.9526
22.9926
23.0126
23.0526
23.0926
23.1326
23.1726
23.1926
23.2326
23.2726
23.3126
23.3525
23.3725
23.4125
23.4526
23.4925
23.5326
23.5526
23.5926
23.6326
23.6726
23.7126
23.7326
23.7726
23.8126
23.8526
23.8926
23.9126
23.9526
23.9926
24.0326
24.0726
24.0926
24.1326
24.1726
24.2126
24.2726
24.3126
24.3526
24.3926
24.7326
25.0125
25.0325
25.0725
25.1125
25.1525
25.1725
25.2125
25.2525
25.2925
25.3325
25.3526
25.3925
25.4325
25.4725
25.5124
25.5524
25.5724
25.6125
25.6524
25.6924
25.7324
25.7524
25.7924
25.8324
25.8724
25.9124
25.9325
25.9724
26.0124
26.0524
26.0925
26.1144
26.1544
26.3344
26.3944
26.4144
26.4544
26.4744
26.5144
26.5544
26.5944
26.6344
26.6544
26.6944
26.7345
26.7745
26.8145
26.8344
26.8744
26.9144
26.9544
0.045298